2412122322321222252222221622332222221521261431723112634211232223232132154222214222211332229222231222
2465412223443523142221321262346323634242443342334242423242224362522642253213243122355223222254312232
3332242442321436631424453283363222444423355334373183244397472932323244521266474444834444476564344644
5533778667855399367659688956396486549458366658763989334992855699859653338632354754294593558359588565
2312242244513323142433243432334374124436822261433652333532361223332463425141733353743352723352424632
2463435113322351242525433222132425212412346422235542222312243232434122321245333145452231342224322242
4443441333222313185442732425344232323324253244343445323435344534462353233334333334444335424643323234
6332332335221132323423233332343239223463352335332994333333344333323243131333233222323333433231333323
6634359643333356544344443752437442545553543632465647658356445545465226444336353434534142564523244343
4746528567872668847725657384831488796526768764584526826627566774738668664834425777326157774645473885
8663344345496562256365476172394634334535382365643738343441687684864343373352342253313346356655544465
4157443345555145726545656693264664647267476954254654545336564646364671685244534666336225457666646654
8553334231333333322333224115242343435135523343222332535523213448433134323333943412253333331323323432
2422311235132222322323231221331222622421242123412112232417212326143222315322213213432332221236242211
2223141246211442325142232222432312222443423243222172226232333133332435223434262473382333223233347324
3534134442344544434444443243415334345265483654449444324259424544442244544244421454434653444472344444
7373421553434563343933225363385833345333355359585885965524725234465535457693324342955324343393233393
3544834677588252554443464444444343544546445445234344524454423479454455376445342434433437342574374475
3752446345473255417533244523252246224655432532555383445364564335455522833343544674435336363141265146
1125322422532222222321242225232231222222222222645423222313215125241243221221232222421222312249242424
3142242232112322423242322222223121234122542422123222414422221342211222223224231242121322611312332222
4332332212434144333633223223337233533243313322333312143333332333222334324132334243342242231233323332
2371523323344334222444324312324364322333138422334322352216223323123243323224243543243333432122274333
2343211123222343412412252331222221342124423222243212232212412322211222111212212132511332321223244231
3823364312635275652724522472633133222256524323562175366512355343255245345421374325624456484623341775
3322333433343353413431433363335339422363353323133383343333333343313365335353253233323232333433334333
3339527224135443944333321344513544423513393414193384146333353446215364539234434423329453273243346347
4332212342324422453341644344634227454342441442242463136343642457424474733346264472434314244174742234
2554433545352533343426412233253473423343444224422443335361426534765552635624434383433484456343445146
6448276228355336615345685425559361768253328243232352122597253422283522266452242246262227125252412362
2242226443366243222323462434322222154522442643123534446225424354222343432244334452332142132213422432
2322223222221122231211212421332221214211212212362222214222222211233222122723112242232222524322322222
5664415433244363444484955843355463235443538354344322453423234243644746379443434333454444423443141353
3233512453242234233331235323143333521223342321227244231241312253632333122232633323221334432234313132
4454445546344525353346454425444456544475445455555464564644312243455545245434414455334436345545334334
2434763675653531436334563439763371353744725344333346531521641522352546632375331432622422545354342443
2422334332324432422432433333332133333324353334322322333313233333323233433533232233343335232323332342
1232244433643363553453524442344335823633634434233353344243432233437223233364334724135145334553321634
4212431241221442114212311111332244214244133124224343433311144233432244342213131342111244133213456789
5635625446235555554565443655465635235456653524344442546749575335446444555457555412345652525454543364
5232221422122322133321223332213133122426232122212292333242222222313231231122222422323333232223332222
3324343233332334323323323333333313322243333313233235312233513253332333223223333433332333334323333333
3531633337232414223623322222315335112322334161232224234333223112233842242232212223314113342644121312
4223282432252227224225523279113341534245511222224212233222555251234241542112224222524221222742273224
5435473321213336336323265238422534334434344352423332344132241233333261234231372343132222333211313372
3444631241833345732218631528123232224353231222222352122574338133243352924362313426387364525325133222
2132422222212212242222221223222122122321512212222224522212132322222231212212222222423431222222221223
2334747445424422535643554554139464243524444235235132144424633444445245242262427425314442322414221545
3242243323121532313332412323542532352335223433331212244212225123323532222322333225233422131321232325
3658553234434443687515451512556374258526737455654586576522428567585525624464435426445235425523361774
6433336453533324735225345625844334323816238333333333636333333533323234433341544346333332464755674342
3233213122253525332133332234213323332332232317322232232122122322712413223552335221352524132213323323
4133344423114233225143335323433233444333423346533571434343264324433453644344443133333745644642424455
2323222833242122232132323323231413132222232522333323232322322333353333323232322231235221222323333233
1322241221222223221322222224222412222222222123231334342122222123322112235222222242213122222231213222
2422213222122421222221222222112222223213223123322232421242233223232283322112125222222232125333222233
5423244121223322432213321235342232221434342225263122247224232222424112624261211222124232121235232133
3423242522433492372442242362464444432692442453422445453144442829232424344244222544124233324237423224
3233933636833342323233433223624333127533419333436333333363339332533322183753223543343363843343238347
3332333233333233342333334343336333334333333233332213333323322234333353533234333333323313363323323242
3244423455553233223575432234153454733825336335224434624776422363244272324559544335324524342345233416
5662666676426366465566656665665626634475526434656662466686666244626645835563776648367456547756457627
2342363373334233435434333335321225243325323461634252325233253353355332463534123527413333523552312332
1445435454435453614454442443424425344244453542436642545434954459652432555525344554544422555553143444
3233333868131225227282239632823923137642313263312373228313345633314333633223223132329333354831325493
8265422528228226226231552573263258165232224285338242212251233465486222288225866466727612922687221823
9347542266641865581542452356842542299716345422983436294747149219485823513367243934129462942212474338
2433333631454524535463522533554596638354625554815445744325692525256331234429536445466426323345572344
2163533253343553442332292423236522251132353242364323373252521322248923533235334172534522253322353245
4232342335243313233433243212332443263343212123441723432421433334134322324332334115213212133221144213
2352733366235533324364333635344533754655623344333454434344452234759265443547636223545346162522323863
1122222122321222122222212222212222222223223222222222122232222222123122122223112232223231223233322222
3135252235449582765864633622226342258226215454635254445486524249133423363164594224552531523823934544
6498466444526855276314546634623896564522434618769514571454549685664342436426666163464446481365653666
5444443343967347563433477444344344444474444264453743444416124524344433464434344645444144563444352444
6734676658463767774855577375847797938739868743757782675976568684868949639756868786865676582688248675
4725272254332557543446933353344551426334328793375372778773632717452236584943558422283393239122454831
2221331231322222133211232833222424213312231322312212623233412223332222652222224232221212291222221222
2421226321422216212325123222242245222324225242622322527224243422232323125526125522322422226222222822
2434534735332553334355352624683334385364923424525638235554468474272357583373542553455436359133543315
3444335343354345142423125514532233455546527245324454224225285456258133434533432354234324456322832372
6567556544456574528576656455455654776464564554566446673384675634474442656566356667445457364466767543
2222223521222454312222223223112413226122323353211212332323421343244332223234112222233422222222134231
4126242125232222262521233224225322213112233252394322222334123322242221231315224223332224492323242222
3836223274337343323673438683294123222233332221852392532643432425355343443443763733533362733255938793
8792594587989145469675356475744348779896565484989955886744897678476778536543855558489557467459457736
2233422222334123235333332631347345432532533622332233362325332133736224332333863133333432333334323333
3332534324765443433353443434344331233533345353433433316242353234254333543233525344545532354334354333
3132222123312222232224122222423233322332231122213222212542212332222222222323222271221242223215222222
3585816537558484466343788755833446445764863425454336517565787427744777563633843536338663225962897349
4735694436967587853659433279337334927744347979597636337866523836939593386669763943325535455294427588
4243233233326322232122543223463515223343332343531231326142222322422245333436251318743362265322324338
2234355523322563434435332254245565173424124433572332332541113442254232445342228333312244522223553523
2213424644654535434453144245244444344445348492434534454152837335459545223444444473234654922534841644
2635527563344324344355685224456354448374424369433654436454767122626234444572533633353657555853763342
1222253112224314161122122223432243422212222232122233211332221711224231333412112222222232124221242221
2243334244232333434593143413452323322346242325232322242333632424414243421243356254345121243394444463
5743826332126933343331233323223243133862134323433311273338223221222573355713133322423223333212328343
5446468334345293465256565756351346686845434133634253253464763242461455483615556666454541453644654265
2211232326222221233213212262221222222222162222222321112222333224229722222224232222212212223222322114
4435113112253312523562255334221433324543422514433222953485325352443242221222345423533757525123545543
3532443512634644331532367333424323423333214326333344431263323256212244342334221344252313423415424113
2244212155222322314243242212272122212331235221222221224222122337232243213222222221222122842123222272
2221222134224221421433424542111242231222332221243252513222124324212542434222144222323222222334123344
6985325365461367324434522695356524813135345544676584245344253167343825624478555355623425939424445671
2222215422222424225334424414224231222212213342422224122232312231213117372224353332323244223121113324
3522322352263221653633242335334424545332146526336321324543242328423124524333234465326313424246136244
2353433364344454648637442643346423454364448554327446646454614355664543344345434662724332454343435644
2222222124132122121122231221232213121222221221242232542222122222322124323222212112222213322122122232
2233574237235423221242521632635337137212323242522527232224475123256215243344124222224441323326415322
2323113322324213423322422222631232213223242221323132332352223311333222322323422311223424242323423223
9125925554745135572556676138776553583576442536644765125662528964256163663634687752525354545569525685
1311533313231223332433333333333333332223332324113334422322323313313323333333333245234233343433334333
3221222212132222221212213222321425252413211412121222221621222342222222281421222324233122221222522222
4585235629548623769578643318859741864893419537263427339737544675655218663735379313667214766689643726
8355263654545845664444623373646675684452658665334478558634674346538646556475676256546546675657642786
2352252343245244223333424413323232434233323224232442254225354522324324744222536536521334444221242545
5329427755134542235562256954225422121443122222325252212326432528861861563227125386725575227342344227
3213152234412332421757423252223124445842731112231224711522444521436144234133289322725256293172743543
2222233121222222225236422233433222222424522221422233432244532222234124221241242222232422333222216257
1112227312112121322223134222233121223222232232231212322222422222462112122212232221222222124221225221
3852322524252353442542443556623246236633666422555645626754371425345343342256553544265346633667433654
2333232225325122522424224422233142222322522232212421622227322222233123191322241222122422222254452422
2211322222244223231122222242222312321221221232222224222133212222221222221222113222225212321232314122
4311232262551222244955224345343235452252244434453423446543232444222234262452253623225535112344372231
3346272653733234356843321635353473334424322444174332333316247374344358343347451744345335338632133833
4222112213333112232311221232322322324321223223222222222222232224323223422222122224332242222223231342
5432222225233134122222112112222223323212222443323241242322343112322412221222232331234232151122111223
7233427242643433344244522232723873624332433222634444323132741333227543312327222326434434224313466432
2262242228242222221322421222612211222222222524222222425225222138232321225121242222112412332323222252
5431532232312131241336322222642522362313333542121322342342224342212323433325622422222233363122322232
2513331221322822629133222296321124323183534223313333124313351232133322822213233934123332423233112333
1122421144222121542145525244226315233212223312222222222212222223222232231242223223324242252332222421
6647755446833324252715851259471426578124334523577766232257377578595687848987635662264244615796588477
4437887666642257365581334348645357833241558462183563638353824875132241288554168576456373825567757139
2372252232332224621341232323223322365332341142212242222121223352222221253132313532124211134232222122
8213332383226313622223412232343862345532222731622322293133364343825222234228534474331233232529294223
3227421454433557233353165443445324444585474346623731137113548636652263313253223674233366472443333422
3476266242123462384177533134323324643334346825333637632323376363915265463374936522643344533367235243
2336244325224269764144242353335366426224423433242542423231332433343464233335442123223223444243232234
5454322422343322478334224432332323233235743334334362133437424233322531223237343431453454454533324644
4224221514332333433213332447233132143334233341122343323242522342223122223224242414222533244226145133
2122221321221221222112222222211214321112232221424346222222222261221312251242282122242222122122322222
3132212293353342236224262531325122222151225472432224121226252632212622252214614212251362224744725441
4333333333332333243332343243345233133333233333345244122333334233235433333323323343333222423234333343
3523231226236614233638233124323427822351284225455724562382324643433225521347123425336512343321444643
6177277121772432364147513753561353751555654522176635151623326575171337663165277411277421642534633289
4626222244324454215422524322342154447542764222532532524542524533222213427421272252232555413422222744
7667665866698596576779777663688684978687787636767667465687558757764976798685375776856756659886764677
4222322323123243932123344211181222532321212422132382231322413222332322222222312232328382526212222422
2332313623333213122143222232432221323421222132221233331142333243343232732222522213568212325563221213
4124533231354347247233221424335133233334537223322222522734623646566623312233321225133211262167534227
1122225222416214822216141735252412221312527125532225523234222245522232421125255222241433232244252522
6522222462322443321122221222222224422322222422222324432222622212122232212222221121222223222132122232
2525225316222324314433244223544225636323522142343363443221521243232543236323114144353432226546221425
8235525222626236653113393573227226387454333764754233632612322253332434523232537528712225239512235331
5353546523235453234342546464323543453445742525265521537544584576343243433364533425545955634544663242
2332343334521341332362253343315234313231228144283342231212333523413243453273654444423232243342343234
2324445612544453493136442424414442236433423124472444544443233212544445424453544846542431343444453442
2162121212522332222222322232224323222252223242642232222424323123212223322222122111121221123343222122
2153283231425434213266221232344554541644233364433263242363333334473329524343215964432422243143243364
2446334453432444143322423443442644445433244344353334464344333343324421634343343343443443431344333344
7423337743652472432757777747252556325345344542767235244455475352773454344757532273675556583627332572
5431313324212216222242213242222232612222222112222442331621222212112222123311322222222442222222222222
3443143554452353355114215434521111222335423432242425145344235241424353521314445335522512524312456789
2434333323322232328327322333223237333736332182332233273322222222233239292232323133533631232223134222
2212223322221332413123242233532335332233223523226123332122232235251335522335333214332236444284323423
3261372356455633455337265566364312464454252265253432273734384224255363237775744742327636747465344842
2233214125434122323331333222524363213211632533221243253135242423255341553532221222541542122445522313
5344524142432312222241225312253242212524222243334122222241243394314214523134122324234242255242231263
4352313322342233132333324223222232123223323343212332433332333321542131323222121423332422232222223222
2322213723222222322322222222122232212232132112222222232122282222222222212513222231321223242232222222
6776654563662465675564455455746443136264467677155556526353636566567666447667556755634264573677476457
2443221215332324382223221433554323432323131662327332326223442233234113216428233322323321254132233443
1646421422125242212512615392422262215222212234222221422422222311212232422222111222242213122622222241
3332322312233222822333321373363333332334234423234372333323233226233631332343234123232133233423332332
2224335234224323313332334242323423334234422321423433223322541335325433324226332551454223428443723213
2522123218154323313471523422725231262372434522715633212427253232212252132142542222562322412583333222
8541825432537896736143234422514453235543434373726344244452375533176633234432232433439324243636342264
7322225123223626432221322221422222227211262222123642222224513127123362162142422222223332211212112415
6526544645566765544663224151443265451222347364554445545661652234424224554526654366245515655226434423
6364556559333745456542443445455247333325535435473868563343554228574233354435343443245363588522868348
3232354322232332221122352223422334232323452311422222232226273333221322232323321333224314522191323243
4343321322343313326393133134236222244123244354123443334325334253246333233224272922323432324331333333
3583332433353263613352394337313333342525833373383331327239323323439233713333341345233333322233722535
2231222223233347642222231542711233254241323115432234323225334252232231111555213542263541366353313122
2332523216213212114243322225326311243432122222131322283172343832111822243221335222222545229312252222
2113332232321221322122122312212322312212222222231222222333212221222243422422222334222332222222221232
3633533335433535658445336475644563733535553373635233573333335674333453464355413633334335354464363763
3312312337247213221263445272452372324223242522227162213961232842323435232222236273531382344292232722
2222221123222411222342223222232322222122222211322222122222222222222223222222122222112222332222122322
1412234442424142332324432133354334333522143344236312334222541334424423331234242133213623232343342344
4329424422246434642322468233366144623347323344285322433231333466434534562417339322622363342535232334
4663616535611513435323516234335342134544631343565436264451636222565334356426413214515616524251313789
2323233334222233322313272223213223171322362222231211222212323223323222325121223252222232233224232422
6124336322212152152441223342432334222263242122222422134225433262225632243211122211512223233523242322
4235224232323232123333423222242122322212222423133224223322112222222222222433223222231333342122112224
8417424333342443624824422362314223134336413224433144262533233559248235249334362332333442333242522562
5443335343234432453532334333333443434242514335441344423544443453434444344255444341442234743244242342
2221235222332215222222222212722222334222723221322222522222122222423212222222122124353332123442222223
